1.401232000000000000e+06,-2.868081250000000000e+04
1.376050125000000000e+06,-2.889212109375000000e+04
1.314437625000000000e+06,-3.066467773437500000e+04
1.306477750000000000e+06,-2.471169335937500000e+04
1.316848125000000000e+06,-2.715868554687500000e+04
1.391909875000000000e+06,-2.828286328125000000e+04
1.314452000000000000e+06,-2.016296875000000000e+04
1.336215000000000000e+06,-2.385696289062500000e+04
1.186814125000000000e+06,-2.566841406250000000e+04
1.245091500000000000e+06,-2.521050390625000000e+04
1.308698375000000000e+06,-2.683850000000000000e+04
1.382120375000000000e+06,-2.193129882812500000e+04
1.381802250000000000e+06,-2.734300585937500000e+04
1.264935500000000000e+06,-2.501563281250000000e+04
1.328727750000000000e+06,-3.619034765625000000e+04
1.213435375000000000e+06,-2.521232812500000000e+04
1.215204625000000000e+06,-2.808717187500000000e+04
1.250181000000000000e+06,-2.541482421875000000e+04
1.268122500000000000e+06,-2.909559765625000000e+04
1.444163250000000000e+06,-2.958463671875000000e+04
1.337761000000000000e+06,-1.977229101562500000e+04
1.417992000000000000e+06,-3.009990234375000000e+04
1.258535875000000000e+06,-2.727816210937500000e+04
1.398625875000000000e+06,-2.961363476562500000e+04
1.399627375000000000e+06,-2.180670898437500000e+04
1.206407750000000000e+06,-3.153392382812500000e+04
1.446529500000000000e+06,-2.292414843750000000e+04
1.404660875000000000e+06,-2.620700195312500000e+04
1.463952375000000000e+06,-2.958475585937500000e+04
1.264935500000000000e+06,-2.501563281250000000e+04
1.415510500000000000e+06,-2.451584765625000000e+04
1.147432125000000000e+06,-2.609879687500000000e+04
1.304517500000000000e+06,-2.791677343750000000e+04
1.465188500000000000e+06,-3.162024804687500000e+04
1.309842500000000000e+06,-2.650664257812500000e+04
1.424732750000000000e+06,-2.394446093750000000e+04
1.390869625000000000e+06,-2.177679492187500000e+04
1.335756625000000000e+06,-2.785647460937500000e+04
1.381189375000000000e+06,-2.459874023437500000e+04
1.400042250000000000e+06,-3.026807617187500000e+04
1.395188625000000000e+06,-2.222445703125000000e+04
1.276911250000000000e+06,-2.434535937500000000e+04
1.342108000000000000e+06,-2.599716406250000000e+04
1.384611125000000000e+06,-2.428056640625000000e+04
1.429958375000000000e+06,-3.201843359375000000e+04
1.476039750000000000e+06,-2.618959570312500000e+04
1.281072625000000000e+06,-2.530550585937500000e+04
1.245032125000000000e+06,-2.675051953125000000e+04
1.302939875000000000e+06,-2.553475000000000000e+04
1.219066750000000000e+06,-3.151774609375000000e+04
1.571428750000000000e+06,-2.886702343750000000e+04
1.226944125000000000e+06,-2.772486132812500000e+04
1.232868250000000000e+06,-2.562298242187500000e+04
1.470787000000000000e+06,-3.436889843750000000e+04
1.372284875000000000e+06,-2.882400585937500000e+04
1.446108125000000000e+06,-2.459701562500000000e+04
1.192317500000000000e+06,-2.186045117187500000e+04
1.345699375000000000e+06,-2.493404296875000000e+04
1.479681875000000000e+06,-2.575171093750000000e+04
1.336624500000000000e+06,-2.409701171875000000e+04
1.356896250000000000e+06,-2.246729296875000000e+04
1.402272375000000000e+06,-3.020207421875000000e+04
1.419271250000000000e+06,-2.983414062500000000e+04
1.278687000000000000e+06,-2.733190234375000000e+04
1.463553750000000000e+06,-2.381268359375000000e+04
1.333401250000000000e+06,-2.272930664062500000e+04
1.379085000000000000e+06,-2.392869335937500000e+04
1.423648375000000000e+06,-2.840035546875000000e+04
1.314826500000000000e+06,-2.906548632812500000e+04
1.426865375000000000e+06,-2.423048632812500000e+04
1.145462000000000000e+06,-2.749782031250000000e+04
1.302982125000000000e+06,-2.134879296875000000e+04
1.436016625000000000e+06,-2.883746484375000000e+04
1.431433375000000000e+06,-2.672575585937500000e+04
1.113989375000000000e+06,-2.411109179687500000e+04
1.400042250000000000e+06,-3.026807617187500000e+04
1.390087875000000000e+06,-2.392037890625000000e+04
1.384090375000000000e+06,-2.631096875000000000e+04
1.268184375000000000e+06,-2.134134765625000000e+04
1.280072000000000000e+06,-2.564894335937500000e+04
1.245730500000000000e+06,-2.507090039062500000e+04
1.295560000000000000e+06,-2.317711328125000000e+04
1.487574250000000000e+06,-2.569304882812500000e+04
1.272486875000000000e+06,-2.795974804687500000e+04
1.242394250000000000e+06,-2.553667187500000000e+04
1.122842625000000000e+06,-2.444810351562500000e+04
1.360297625000000000e+06,-2.463856054687500000e+04
1.339482625000000000e+06,-2.518221875000000000e+04
1.327909875000000000e+06,-3.100776953125000000e+04
1.310969500000000000e+06,-2.759596093750000000e+04
1.187702000000000000e+06,-2.648289648437500000e+04
1.374788750000000000e+06,-2.559722851562500000e+04
1.340426500000000000e+06,-2.142659375000000000e+04
1.305086125000000000e+06,-2.235543750000000000e+04
1.436827875000000000e+06,-2.247286523437500000e+04
1.346849250000000000e+06,-2.535261132812500000e+04
1.389012000000000000e+06,-2.719851953125000000e+04
1.459516375000000000e+06,-2.450229492187500000e+04
1.210294750000000000e+06,-2.467744140625000000e+04
1.667325750000000000e+06,-3.278329296875000000e+04
1.353835125000000000e+06,-2.857695898437500000e+04
1.529017125000000000e+06,-2.657774804687500000e+04
1.250181000000000000e+06,-2.541482421875000000e+04
1.424256625000000000e+06,-2.956399414062500000e+04
1.398271000000000000e+06,-2.407413281250000000e+04
1.376083500000000000e+06,-2.838678515625000000e+04
1.358849250000000000e+06,-2.271014453125000000e+04
1.284976750000000000e+06,-2.499859570312500000e+04
1.212522875000000000e+06,-2.843090039062500000e+04
1.332670750000000000e+06,-3.044717578125000000e+04
1.326982375000000000e+06,-2.642436914062500000e+04
1.262689625000000000e+06,-2.511970507812500000e+04
1.341465250000000000e+06,-2.598220703125000000e+04
1.301770750000000000e+06,-2.568955078125000000e+04
1.181399375000000000e+06,-2.456142578125000000e+04
1.420241125000000000e+06,-2.571775390625000000e+04
1.366356375000000000e+06,-2.778386328125000000e+04
1.452942250000000000e+06,-3.221063476562500000e+04
1.256268500000000000e+06,-2.706516015625000000e+04
1.377222875000000000e+06,-2.220722265625000000e+04
1.398788375000000000e+06,-2.892068750000000000e+04
1.369072500000000000e+06,-2.224315820312500000e+04
1.378329750000000000e+06,-2.371428125000000000e+04
1.373565250000000000e+06,-2.442753906250000000e+04
1.328556500000000000e+06,-2.326616015625000000e+04
1.493582250000000000e+06,-2.817007617187500000e+04
1.279171375000000000e+06,-2.660057031250000000e+04
1.329870625000000000e+06,-2.500188085937500000e+04
1.320126625000000000e+06,-2.301322460937500000e+04
1.614321500000000000e+06,-2.779654101562500000e+04
1.321597375000000000e+06,-3.288377343750000000e+04
1.500813250000000000e+06,-2.957436328125000000e+04
1.060538375000000000e+06,-2.396480273437500000e+04
1.264316750000000000e+06,-2.782019726562500000e+04
1.323987875000000000e+06,-2.446934179687500000e+04
1.407548375000000000e+06,-3.139890429687500000e+04
1.373854125000000000e+06,-2.322816406250000000e+04
1.343521000000000000e+06,-2.777195703125000000e+04
1.379768375000000000e+06,-2.962461718750000000e+04
1.448985000000000000e+06,-3.010944921875000000e+04
1.213484250000000000e+06,-2.420049414062500000e+04
1.247409625000000000e+06,-2.713366210937500000e+04
1.400025000000000000e+06,-2.902620312500000000e+04
1.241601250000000000e+06,-2.731441601562500000e+04
1.295375500000000000e+06,-2.317818750000000000e+04
1.370848125000000000e+06,-2.451496679687500000e+04
1.475393750000000000e+06,-2.968823242187500000e+04
1.199838625000000000e+06,-2.776400000000000000e+04
1.516792375000000000e+06,-2.661059375000000000e+04
1.418087000000000000e+06,-3.013188281250000000e+04
1.405767750000000000e+06,-2.470180273437500000e+04
1.350199125000000000e+06,-2.638074414062500000e+04
1.384785000000000000e+06,-2.746605078125000000e+04
1.220995875000000000e+06,-2.479708593750000000e+04
1.276463875000000000e+06,-2.377762500000000000e+04
1.459640000000000000e+06,-2.537100390625000000e+04
1.354146000000000000e+06,-2.693517773437500000e+04
1.324460000000000000e+06,-2.403214257812500000e+04
1.369758625000000000e+06,-2.923336328125000000e+04
1.322593750000000000e+06,-2.086145117187500000e+04
1.330422500000000000e+06,-2.786283789062500000e+04
1.465275125000000000e+06,-3.517607421875000000e+04
1.261927500000000000e+06,-2.497885156250000000e+04
1.309638375000000000e+06,-2.367879882812500000e+04
1.296176500000000000e+06,-2.136786132812500000e+04
1.273303750000000000e+06,-3.144781640625000000e+04
1.486461375000000000e+06,-2.893526757812500000e+04
1.338640000000000000e+06,-2.683424609375000000e+04
1.270829125000000000e+06,-2.302458593750000000e+04
1.237221250000000000e+06,-2.590437500000000000e+04
1.491308750000000000e+06,-2.534685937500000000e+04
1.418087000000000000e+06,-3.013188281250000000e+04
1.360529875000000000e+06,-2.396848828125000000e+04
1.350987625000000000e+06,-2.214917968750000000e+04
1.195821750000000000e+06,-2.402053320312500000e+04
1.492593125000000000e+06,-2.772606445312500000e+04
1.468932500000000000e+06,-2.625938867187500000e+04
1.191939125000000000e+06,-2.638038085937500000e+04
1.337924125000000000e+06,-2.518576757812500000e+04
1.302679750000000000e+06,-2.596164843750000000e+04
1.385249125000000000e+06,-3.163155273437500000e+04
1.338584625000000000e+06,-2.919283789062500000e+04
1.534017500000000000e+06,-2.562111914062500000e+04
1.348529375000000000e+06,-2.498059960937500000e+04
1.125292750000000000e+06,-2.666344140625000000e+04
1.229517375000000000e+06,-2.422274023437500000e+04
1.468627375000000000e+06,-2.857004492187500000e+04
1.388812875000000000e+06,-2.232471289062500000e+04
1.407855000000000000e+06,-2.471773046875000000e+04
1.370839000000000000e+06,-2.707136523437500000e+04
1.339621000000000000e+06,-2.230933593750000000e+04
1.482286000000000000e+06,-3.192633007812500000e+04
1.167224625000000000e+06,-2.479108789062500000e+04
1.102870875000000000e+06,-2.631218945312500000e+04
1.268391500000000000e+06,-2.488563671875000000e+04
1.294374750000000000e+06,-2.507474218750000000e+04
1.303602500000000000e+06,-2.340045703125000000e+04
1.331811125000000000e+06,-2.150993945312500000e+04
1.450832125000000000e+06,-2.509381445312500000e+04
1.407446000000000000e+06,-2.637862109375000000e+04
1.496060625000000000e+06,-2.461276757812500000e+04
1.364200000000000000e+06,-2.607073242187500000e+04
1.424436125000000000e+06,-2.275251171875000000e+04
1.418717875000000000e+06,-2.463900195312500000e+04
1.243356625000000000e+06,-2.882727929687500000e+04
1.438794500000000000e+06,-2.562934765625000000e+04
1.215590875000000000e+06,-2.754764062500000000e+04
1.326240875000000000e+06,-2.613856054687500000e+04
1.317231875000000000e+06,-2.384904492187500000e+04
1.297629000000000000e+06,-2.766172070312500000e+04
1.397957125000000000e+06,-2.689754101562500000e+04
1.382120375000000000e+06,-2.193129882812500000e+04
1.330273375000000000e+06,-2.895417382812500000e+04
1.500806875000000000e+06,-2.493758203125000000e+04
1.330657750000000000e+06,-2.730382226562500000e+04
1.454635750000000000e+06,-2.870431835937500000e+04
1.206547625000000000e+06,-2.379807421875000000e+04
1.385960125000000000e+06,-2.736480273437500000e+04
1.283316500000000000e+06,-2.309335351562500000e+04
1.132779625000000000e+06,-2.371620898437500000e+04
1.267300875000000000e+06,-2.460439843750000000e+04
1.375909000000000000e+06,-2.726574609375000000e+04
1.327134625000000000e+06,-2.898777734375000000e+04
1.178920250000000000e+06,-2.504999414062500000e+04
1.408536375000000000e+06,-3.178922851562500000e+04
1.223572000000000000e+06,-2.733548046875000000e+04
1.363950500000000000e+06,-2.942315039062500000e+04
1.287706125000000000e+06,-2.450978710937500000e+04
1.295084125000000000e+06,-2.711341992187500000e+04
1.453029750000000000e+06,-2.767151171875000000e+04
1.351781250000000000e+06,-2.495875000000000000e+04
1.382832875000000000e+06,-2.590851953125000000e+04
1.320184000000000000e+06,-2.089271875000000000e+04
1.386657000000000000e+06,-2.702890039062500000e+04
1.529202375000000000e+06,-3.099721289062500000e+04
1.446935250000000000e+06,-2.646956250000000000e+04
1.321437000000000000e+06,-2.702349218750000000e+04
1.388572625000000000e+06,-2.374505078125000000e+04
1.338172125000000000e+06,-2.164695507812500000e+04
1.304615125000000000e+06,-2.769834765625000000e+04
1.187506000000000000e+06,-2.316578320312500000e+04
1.278792250000000000e+06,-2.232772851562500000e+04
1.476024625000000000e+06,-2.505928710937500000e+04
1.282112625000000000e+06,-2.490193164062500000e+04
1.306201625000000000e+06,-2.580058398437500000e+04
1.459391125000000000e+06,-2.774676562500000000e+04
1.317010250000000000e+06,-2.757994335937500000e+04
1.322381625000000000e+06,-2.838754492187500000e+04
1.267364500000000000e+06,-2.763691992187500000e+04
1.235095000000000000e+06,-2.719877929687500000e+04
1.444124000000000000e+06,-2.661754101562500000e+04
1.336048250000000000e+06,-2.809052929687500000e+04
1.272383875000000000e+06,-2.622115429687500000e+04
1.375655250000000000e+06,-2.712724804687500000e+04
1.519944000000000000e+06,-2.665732031250000000e+04
1.202492375000000000e+06,-2.675318554687500000e+04
1.356930625000000000e+06,-2.738484570312500000e+04
1.428037875000000000e+06,-3.148712500000000000e+04
1.373314375000000000e+06,-2.360781054687500000e+04
1.410881625000000000e+06,-2.868750195312500000e+04
1.397826000000000000e+06,-2.823424609375000000e+04
1.370549125000000000e+06,-2.375169140625000000e+04
1.384439000000000000e+06,-2.772591210937500000e+04
1.322305500000000000e+06,-2.528178710937500000e+04
1.256393250000000000e+06,-2.704861914062500000e+04
1.432052875000000000e+06,-2.702040234375000000e+04
1.262704375000000000e+06,-2.499148437500000000e+04
1.358517000000000000e+06,-2.437338476562500000e+04
1.423837625000000000e+06,-2.428165039062500000e+04
1.329589875000000000e+06,-2.306872656250000000e+04
1.484344500000000000e+06,-2.994786132812500000e+04
1.330123625000000000e+06,-2.571354296875000000e+04
1.331995750000000000e+06,-2.141730664062500000e+04
1.245942750000000000e+06,-2.461996679687500000e+04
1.303750625000000000e+06,-2.704149804687500000e+04
1.261531875000000000e+06,-2.472927929687500000e+04
1.279893875000000000e+06,-2.395629101562500000e+04
1.343395875000000000e+06,-2.471628710937500000e+04
1.217056375000000000e+06,-2.520967968750000000e+04
1.464896750000000000e+06,-2.944891601562500000e+04
1.415976375000000000e+06,-2.488838671875000000e+04
1.220960125000000000e+06,-2.644256054687500000e+04
1.386708875000000000e+06,-2.938324218750000000e+04
1.342871375000000000e+06,-2.344259765625000000e+04
1.157681000000000000e+06,-2.318918750000000000e+04
1.261479250000000000e+06,-2.769890820312500000e+04
1.336959375000000000e+06,-2.268556250000000000e+04
1.206204250000000000e+06,-2.597429296875000000e+04
1.331716875000000000e+06,-2.693155273437500000e+04
1.253935625000000000e+06,-2.696867578125000000e+04
1.265197000000000000e+06,-2.745513476562500000e+04
1.433324500000000000e+06,-2.572110546875000000e+04
1.511223000000000000e+06,-2.513418554687500000e+04
1.282260625000000000e+06,-2.628097656250000000e+04
1.172637250000000000e+06,-2.535331640625000000e+04
1.320702250000000000e+06,-2.705685546875000000e+04
1.411817750000000000e+06,-3.053426367187500000e+04
1.292527125000000000e+06,-2.468793164062500000e+04
1.434313625000000000e+06,-2.765191015625000000e+04
1.289043875000000000e+06,-2.397082812500000000e+04
1.305635125000000000e+06,-2.446166406250000000e+04
1.479948250000000000e+06,-2.421390039062500000e+04
1.266792250000000000e+06,-2.639377539062500000e+04
1.373231250000000000e+06,-2.403574023437500000e+04
1.470560375000000000e+06,-2.820580859375000000e+04
1.330631375000000000e+06,-2.955837500000000000e+04
1.302558750000000000e+06,-2.392218750000000000e+04
1.364638625000000000e+06,-2.555747460937500000e+04
1.367832875000000000e+06,-3.195073242187500000e+04
1.548359500000000000e+06,-2.988091015625000000e+04
1.419933125000000000e+06,-2.816416406250000000e+04
1.442150500000000000e+06,-2.534277148437500000e+04
1.492593125000000000e+06,-2.772606445312500000e+04
1.462977875000000000e+06,-2.854225976562500000e+04
1.310649250000000000e+06,-2.288517968750000000e+04
1.333745750000000000e+06,-2.803283593750000000e+04
1.299313875000000000e+06,-2.706904882812500000e+04
1.423575750000000000e+06,-2.728775195312500000e+04
1.307269500000000000e+06,-2.832082812500000000e+04
1.311735750000000000e+06,-2.346486328125000000e+04
1.373969000000000000e+06,-3.308475000000000000e+04
1.197142750000000000e+06,-2.582098632812500000e+04
1.390015625000000000e+06,-2.710117382812500000e+04
1.469729125000000000e+06,-2.670910156250000000e+04
1.349950625000000000e+06,-2.581300976562500000e+04
1.424553000000000000e+06,-2.637792968750000000e+04
1.504285625000000000e+06,-2.663605468750000000e+04
1.511406125000000000e+06,-2.984407617187500000e+04
1.390087875000000000e+06,-2.392037890625000000e+04
1.254566000000000000e+06,-2.589271093750000000e+04
1.320089875000000000e+06,-2.954460351562500000e+04
1.399132500000000000e+06,-2.752604296875000000e+04
1.342922500000000000e+06,-2.580634570312500000e+04
1.300133750000000000e+06,-2.650486328125000000e+04
1.398513500000000000e+06,-3.267730859375000000e+04
1.215816625000000000e+06,-2.462665039062500000e+04
1.135377875000000000e+06,-2.385567578125000000e+04
1.366893000000000000e+06,-2.296682031250000000e+04
1.338558375000000000e+06,-2.032759179687500000e+04
1.254286625000000000e+06,-2.637994726562500000e+04
1.351205875000000000e+06,-2.360424023437500000e+04
1.331062375000000000e+06,-2.730925781250000000e+04
1.270402000000000000e+06,-2.579732617187500000e+04
1.167224625000000000e+06,-2.479108789062500000e+04
1.437551125000000000e+06,-2.350447851562500000e+04
1.323082875000000000e+06,-2.488905859375000000e+04
1.231719125000000000e+06,-2.387444140625000000e+04
1.418717875000000000e+06,-2.463900195312500000e+04
1.302149625000000000e+06,-2.753675781250000000e+04
1.383242875000000000e+06,-2.888775976562500000e+04
1.244894250000000000e+06,-2.721042187500000000e+04
1.302149625000000000e+06,-2.753675781250000000e+04
1.379308375000000000e+06,-2.550369531250000000e+04
1.436125500000000000e+06,-1.954700976562500000e+04
1.233752125000000000e+06,-2.687234960937500000e+04
1.419819625000000000e+06,-2.974400195312500000e+04
1.399102500000000000e+06,-2.764782812500000000e+04
1.396829375000000000e+06,-2.384001171875000000e+04
1.333745750000000000e+06,-2.803283593750000000e+04
1.237068375000000000e+06,-2.518309570312500000e+04
1.411621375000000000e+06,-3.216529101562500000e+04
1.297786250000000000e+06,-2.246973242187500000e+04
1.299102750000000000e+06,-2.709358007812500000e+04
1.464923750000000000e+06,-2.678016796875000000e+04
1.375820250000000000e+06,-2.967177539062500000e+04
1.446637375000000000e+06,-3.092031835937500000e+04
1.414143250000000000e+06,-2.020457421875000000e+04
1.267934875000000000e+06,-2.238107812500000000e+04
1.204273625000000000e+06,-2.812337890625000000e+04
1.518364250000000000e+06,-2.728619335937500000e+04
1.354146000000000000e+06,-2.693517773437500000e+04
1.279304375000000000e+06,-2.724486132812500000e+04
1.320560375000000000e+06,-2.345354101562500000e+04
1.367912250000000000e+06,-2.350383007812500000e+04
1.371424000000000000e+06,-2.383188281250000000e+04
1.225824125000000000e+06,-2.608339648437500000e+04
1.340000750000000000e+06,-2.161190820312500000e+04
1.248498375000000000e+06,-2.571308203125000000e+04
1.138906500000000000e+06,-2.375396679687500000e+04
1.378088000000000000e+06,-2.841859765625000000e+04
1.232754750000000000e+06,-2.764929101562500000e+04
1.354674500000000000e+06,-2.369773046875000000e+04
1.206861125000000000e+06,-2.577824414062500000e+04
1.328059750000000000e+06,-2.315632031250000000e+04
1.283505875000000000e+06,-2.642747070312500000e+04
1.216532000000000000e+06,-2.384181250000000000e+04
1.402539000000000000e+06,-2.452372656250000000e+04
1.402132750000000000e+06,-2.413291210937500000e+04
1.224851250000000000e+06,-2.700035546875000000e+04
1.286078250000000000e+06,-2.219531250000000000e+04
1.286071375000000000e+06,-2.493050585937500000e+04
1.238508750000000000e+06,-2.531898242187500000e+04
1.268184375000000000e+06,-2.134134765625000000e+04
1.352360125000000000e+06,-2.143051171875000000e+04
1.517001875000000000e+06,-2.584472265625000000e+04
1.409395125000000000e+06,-2.885821093750000000e+04
1.374143000000000000e+06,-2.195001367187500000e+04
1.363636875000000000e+06,-2.291659570312500000e+04
1.252763250000000000e+06,-2.586398437500000000e+04
1.415348625000000000e+06,-2.915477929687500000e+04
1.287711875000000000e+06,-2.655732421875000000e+04
1.202809000000000000e+06,-2.634431445312500000e+04
1.227321750000000000e+06,-2.395599023437500000e+04
1.268493000000000000e+06,-2.672842187500000000e+04
1.425223625000000000e+06,-2.304068164062500000e+04
1.265551000000000000e+06,-2.503325585937500000e+04
1.385481625000000000e+06,-2.709238281250000000e+04
1.330238125000000000e+06,-2.968004296875000000e+04
1.389392125000000000e+06,-2.516621289062500000e+04
1.549319250000000000e+06,-2.910579101562500000e+04
1.308300500000000000e+06,-2.780560546875000000e+04
1.397680625000000000e+06,-2.581217382812500000e+04
1.411306875000000000e+06,-2.803393164062500000e+04
1.390756750000000000e+06,-2.508699609375000000e+04
1.359985125000000000e+06,-2.587530664062500000e+04
1.418549125000000000e+06,-2.352659375000000000e+04
1.384561125000000000e+06,-2.134310156250000000e+04
1.567746625000000000e+06,-2.822604492187500000e+04
1.259114625000000000e+06,-2.724380859375000000e+04
1.241915625000000000e+06,-2.474058398437500000e+04
1.328597625000000000e+06,-2.237210742187500000e+04
1.274322375000000000e+06,-2.501078515625000000e+04
1.123275000000000000e+06,-2.456305468750000000e+04
1.447513875000000000e+06,-3.047657617187500000e+04
1.240472875000000000e+06,-2.655059960937500000e+04
1.384606500000000000e+06,-2.706611718750000000e+04
1.304179500000000000e+06,-2.614807617187500000e+04
1.139598375000000000e+06,-2.290906445312500000e+04
1.410335375000000000e+06,-2.450925781250000000e+04
1.342787875000000000e+06,-2.144332226562500000e+04
1.127564625000000000e+06,-2.543941015625000000e+04
1.314014500000000000e+06,-2.496323632812500000e+04
1.459510875000000000e+06,-2.262626171875000000e+04
1.236478125000000000e+06,-2.913242578125000000e+04
1.280489125000000000e+06,-2.421993164062500000e+04
1.555887750000000000e+06,-3.026321289062500000e+04
1.302408250000000000e+06,-2.976791992187500000e+04
1.247422750000000000e+06,-2.743347265625000000e+04
1.253655125000000000e+06,-2.634826953125000000e+04
1.477986875000000000e+06,-2.632279101562500000e+04
1.308363875000000000e+06,-2.406000000000000000e+04
1.282736500000000000e+06,-2.658916210937500000e+04
1.356902375000000000e+06,-2.559335351562500000e+04
1.380118500000000000e+06,-2.726651367187500000e+04
1.314368250000000000e+06,-2.635629882812500000e+04
1.276204500000000000e+06,-2.519500390625000000e+04
1.486286875000000000e+06,-2.939499414062500000e+04
1.236968125000000000e+06,-2.528120703125000000e+04
1.437920125000000000e+06,-2.746261718750000000e+04
1.499152625000000000e+06,-2.707946289062500000e+04
1.502114375000000000e+06,-2.673275585937500000e+04
1.581777125000000000e+06,-2.899620703125000000e+04
1.208625500000000000e+06,-2.453128320312500000e+04
1.272486875000000000e+06,-2.795974804687500000e+04
1.258078250000000000e+06,-2.806825585937500000e+04
1.381449000000000000e+06,-2.549973437500000000e+04
1.471939000000000000e+06,-2.486296484375000000e+04
1.462977875000000000e+06,-2.854225976562500000e+04
1.327049625000000000e+06,-2.337193359375000000e+04
1.464536875000000000e+06,-2.638523242187500000e+04
1.211437375000000000e+06,-2.650974023437500000e+04
1.472266625000000000e+06,-2.355095703125000000e+04
1.232576000000000000e+06,-2.522382617187500000e+04
1.163630125000000000e+06,-2.528430273437500000e+04
1.255353625000000000e+06,-2.605769726562500000e+04
1.317241000000000000e+06,-2.770989648437500000e+04
1.320944375000000000e+06,-2.387453906250000000e+04
1.331062375000000000e+06,-2.730925781250000000e+04
1.363697250000000000e+06,-2.310441992187500000e+04
1.455285750000000000e+06,-2.455319921875000000e+04
1.327075250000000000e+06,-2.307671289062500000e+04
1.332529250000000000e+06,-2.564514453125000000e+04
1.292892375000000000e+06,-2.202447265625000000e+04
1.382926250000000000e+06,-2.231773046875000000e+04
1.410740750000000000e+06,-2.523916992187500000e+04
1.327229375000000000e+06,-2.487509375000000000e+04
1.274170375000000000e+06,-2.458221875000000000e+04
1.280414625000000000e+06,-2.574894335937500000e+04
1.387594375000000000e+06,-2.236803515625000000e+04
1.311970750000000000e+06,-2.555197265625000000e+04
1.262351750000000000e+06,-2.679555468750000000e+04
1.325233125000000000e+06,-2.512388671875000000e+04
1.401449875000000000e+06,-2.277714843750000000e+04
1.337587375000000000e+06,-2.764883203125000000e+04
1.323735000000000000e+06,-2.611500390625000000e+04
1.256091500000000000e+06,-2.453809765625000000e+04
1.186867750000000000e+06,-2.608087695312500000e+04
1.192317500000000000e+06,-2.186045117187500000e+04
1.384850125000000000e+06,-3.457260937500000000e+04
1.377413625000000000e+06,-2.251512890625000000e+04
1.405467000000000000e+06,-2.878640429687500000e+04
1.454827250000000000e+06,-2.726588281250000000e+04
1.416868250000000000e+06,-2.457845898437500000e+04
1.321660875000000000e+06,-2.842636132812500000e+04
1.350166750000000000e+06,-2.380853906250000000e+04
1.422476125000000000e+06,-2.740051953125000000e+04
1.231164625000000000e+06,-2.510348242187500000e+04
1.304931375000000000e+06,-2.745139062500000000e+04
1.304058125000000000e+06,-2.183592382812500000e+04
1.338720750000000000e+06,-2.670397070312500000e+04
1.413110500000000000e+06,-3.135745312500000000e+04
1.225818250000000000e+06,-2.741962890625000000e+04
1.315131250000000000e+06,-2.477953710937500000e+04
1.486401125000000000e+06,-3.124400585937500000e+04
1.244281500000000000e+06,-2.532605273437500000e+04
1.359270375000000000e+06,-2.234143554687500000e+04
1.408002500000000000e+06,-2.234338281250000000e+04
1.284407625000000000e+06,-2.676645117187500000e+04
1.390999875000000000e+06,-2.478150000000000000e+04
1.331635000000000000e+06,-2.695166796875000000e+04
1.309469125000000000e+06,-2.282481250000000000e+04
1.327260750000000000e+06,-2.605556445312500000e+04
1.319071750000000000e+06,-2.295348632812500000e+04
1.369610125000000000e+06,-2.590663281250000000e+04
1.488247625000000000e+06,-2.419462890625000000e+04
1.333103250000000000e+06,-2.245721289062500000e+04
1.380339375000000000e+06,-2.752305078125000000e+04
1.358606000000000000e+06,-2.994070117187500000e+04
1.527028250000000000e+06,-3.245722265625000000e+04
1.390810625000000000e+06,-2.464814257812500000e+04
1.455934750000000000e+06,-2.874477343750000000e+04
1.188885500000000000e+06,-2.344475390625000000e+04
1.313539875000000000e+06,-2.739208398437500000e+04
1.299855500000000000e+06,-2.502655664062500000e+04
1.545993000000000000e+06,-2.662530468750000000e+04
1.321660875000000000e+06,-2.842636132812500000e+04
1.244336875000000000e+06,-2.792018554687500000e+04
1.386602000000000000e+06,-2.926990625000000000e+04
1.086448250000000000e+06,-2.557198437500000000e+04
1.298655500000000000e+06,-2.522837695312500000e+04
1.533474375000000000e+06,-2.605638867187500000e+04
1.467466375000000000e+06,-3.029710742187500000e+04
1.378468625000000000e+06,-2.445142187500000000e+04
1.417830875000000000e+06,-2.786386132812500000e+04
1.391596250000000000e+06,-2.486947070312500000e+04
1.501754000000000000e+06,-2.892338085937500000e+04
1.323452875000000000e+06,-2.373409960937500000e+04
1.113147125000000000e+06,-2.661740820312500000e+04
1.414807500000000000e+06,-2.993243164062500000e+04
1.276888500000000000e+06,-2.323372460937500000e+04
1.433986875000000000e+06,-2.883737109375000000e+04
1.416642250000000000e+06,-2.432232031250000000e+04
1.315145000000000000e+06,-2.193512500000000000e+04
1.322410375000000000e+06,-2.665687500000000000e+04
1.358606000000000000e+06,-2.994070117187500000e+04
1.522916500000000000e+06,-2.601004492187500000e+04
1.320634250000000000e+06,-2.436409960937500000e+04
1.363761125000000000e+06,-2.377015625000000000e+04
1.235979875000000000e+06,-2.602983007812500000e+04
1.249550750000000000e+06,-2.691846875000000000e+04
1.372975125000000000e+06,-2.571988085937500000e+04
1.336458750000000000e+06,-2.407598437500000000e+04
1.326240875000000000e+06,-2.613856054687500000e+04
1.486123000000000000e+06,-3.062845312500000000e+04
1.266518250000000000e+06,-2.240320703125000000e+04
1.485610000000000000e+06,-3.247641796875000000e+04
1.171453250000000000e+06,-2.797674023437500000e+04
1.391109625000000000e+06,-2.558453906250000000e+04
1.409547125000000000e+06,-2.726145703125000000e+04
1.218993125000000000e+06,-2.745382031250000000e+04
1.394117500000000000e+06,-2.457214648437500000e+04
1.332080750000000000e+06,-2.266824023437500000e+04
1.380807250000000000e+06,-2.387260351562500000e+04
1.296147875000000000e+06,-2.399843359375000000e+04
1.295375500000000000e+06,-2.317818750000000000e+04
1.401819625000000000e+06,-2.897083398437500000e+04
1.485143250000000000e+06,-3.107536132812500000e+04
1.347527875000000000e+06,-2.998728125000000000e+04
1.311246875000000000e+06,-2.278570312500000000e+04
1.293676000000000000e+06,-2.677779492187500000e+04
1.185276000000000000e+06,-2.533951757812500000e+04
1.275538375000000000e+06,-2.293140234375000000e+04
1.343260625000000000e+06,-2.298472460937500000e+04
1.341662375000000000e+06,-2.329764843750000000e+04
1.315700625000000000e+06,-2.519588867187500000e+04
1.311503125000000000e+06,-2.746469531250000000e+04
1.169577750000000000e+06,-2.688460351562500000e+04
1.282007250000000000e+06,-2.455665820312500000e+04
1.122842625000000000e+06,-2.444810351562500000e+04
1.428038750000000000e+06,-2.865133984375000000e+04
1.317670750000000000e+06,-2.954455468750000000e+04
1.451746000000000000e+06,-2.873283593750000000e+04
1.327384875000000000e+06,-2.457743164062500000e+04
1.359263125000000000e+06,-3.020514257812500000e+04
1.333898125000000000e+06,-2.820193554687500000e+04
1.420382125000000000e+06,-2.431798632812500000e+04
1.413000875000000000e+06,-3.048123828125000000e+04
1.372937875000000000e+06,-2.233303320312500000e+04
1.361617625000000000e+06,-2.393872070312500000e+04
1.328597625000000000e+06,-2.237210742187500000e+04
1.268623125000000000e+06,-2.287912304687500000e+04
1.489992125000000000e+06,-3.207105078125000000e+04
1.348784625000000000e+06,-2.381540039062500000e+04
1.381712000000000000e+06,-2.797846093750000000e+04
1.270956375000000000e+06,-2.400751757812500000e+04
1.385261000000000000e+06,-2.455390625000000000e+04
1.438426000000000000e+06,-2.926618359375000000e+04
1.279238375000000000e+06,-2.717102929687500000e+04
1.288538375000000000e+06,-2.684814648437500000e+04
1.239853125000000000e+06,-2.829567968750000000e+04
1.296984750000000000e+06,-2.091456445312500000e+04
1.330965875000000000e+06,-2.380020703125000000e+04
1.484588875000000000e+06,-2.602739062500000000e+04
1.343417125000000000e+06,-2.692023437500000000e+04
1.317536750000000000e+06,-2.095426757812500000e+04
1.343395875000000000e+06,-2.471628710937500000e+04
1.525834250000000000e+06,-2.955029492187500000e+04
1.324768250000000000e+06,-2.478096875000000000e+04
1.329583500000000000e+06,-2.639529882812500000e+04
1.452724500000000000e+06,-2.671877539062500000e+04
1.410070500000000000e+06,-2.402594531250000000e+04
1.608892125000000000e+06,-2.976950781250000000e+04
1.263291875000000000e+06,-2.634922656250000000e+04
1.226099750000000000e+06,-2.938835351562500000e+04
1.345555875000000000e+06,-2.781721679687500000e+04
1.362717750000000000e+06,-2.370406054687500000e+04
1.265551000000000000e+06,-2.503325585937500000e+04
1.376313875000000000e+06,-2.149610156250000000e+04
1.419877375000000000e+06,-2.946058398437500000e+04
1.423142125000000000e+06,-2.454996289062500000e+04
1.132779625000000000e+06,-2.371620898437500000e+04
1.259359125000000000e+06,-2.535019335937500000e+04
1.331716875000000000e+06,-2.693155273437500000e+04
1.256091500000000000e+06,-2.453809765625000000e+04
1.354653375000000000e+06,-2.393279296875000000e+04
1.438048875000000000e+06,-2.816253125000000000e+04
1.283266625000000000e+06,-2.598370117187500000e+04
1.405079375000000000e+06,-2.869308203125000000e+04
1.264038875000000000e+06,-2.744423437500000000e+04
1.287235375000000000e+06,-2.404817968750000000e+04
1.438090250000000000e+06,-2.719412890625000000e+04
1.350166750000000000e+06,-2.380853906250000000e+04
1.217599125000000000e+06,-2.436260156250000000e+04
1.629616125000000000e+06,-2.974138476562500000e+04
1.155973125000000000e+06,-2.599201953125000000e+04
1.352232250000000000e+06,-3.229932617187500000e+04
1.375284875000000000e+06,-2.318322070312500000e+04
1.452841125000000000e+06,-2.729652734375000000e+04
1.354743875000000000e+06,-2.238757617187500000e+04
1.223572000000000000e+06,-2.733548046875000000e+04
1.301037000000000000e+06,-2.403327929687500000e+04
1.329514500000000000e+06,-2.427074414062500000e+04
1.263361625000000000e+06,-2.441662109375000000e+04
1.366172750000000000e+06,-2.485272656250000000e+04
1.277097000000000000e+06,-2.518134375000000000e+04
1.272367875000000000e+06,-2.410809570312500000e+04
1.336412500000000000e+06,-2.567797851562500000e+04
1.436193375000000000e+06,-2.378130859375000000e+04
1.401204625000000000e+06,-2.276016210937500000e+04
1.332074500000000000e+06,-2.617388476562500000e+04
1.208014500000000000e+06,-2.839300390625000000e+04
1.307876125000000000e+06,-3.042293750000000000e+04
1.465403750000000000e+06,-3.468650000000000000e+04
1.300133750000000000e+06,-2.650486328125000000e+04
1.394642000000000000e+06,-2.820372851562500000e+04
1.303750625000000000e+06,-2.704149804687500000e+04
1.353138875000000000e+06,-2.398133203125000000e+04
1.329932125000000000e+06,-2.556105664062500000e+04
1.275728750000000000e+06,-2.635639062500000000e+04
1.555887750000000000e+06,-3.026321289062500000e+04
1.384305375000000000e+06,-2.352152734375000000e+04
1.303507125000000000e+06,-2.698210156250000000e+04
1.309672500000000000e+06,-2.377243750000000000e+04
1.357472625000000000e+06,-2.200449414062500000e+04
1.295503750000000000e+06,-2.616209765625000000e+04
1.267977750000000000e+06,-2.804776367187500000e+04
1.149991000000000000e+06,-2.205141796875000000e+04
1.288687875000000000e+06,-2.635694335937500000e+04
1.374426750000000000e+06,-2.337924804687500000e+04
1.233337500000000000e+06,-2.394316992187500000e+04
1.188064375000000000e+06,-2.922161914062500000e+04
1.290353875000000000e+06,-2.936089648437500000e+04
1.432930250000000000e+06,-2.590646679687500000e+04
1.386724125000000000e+06,-2.159419726562500000e+04
1.341570375000000000e+06,-2.340035742187500000e+04
1.278322875000000000e+06,-2.772100000000000000e+04
1.354553875000000000e+06,-3.007227734375000000e+04
1.302534750000000000e+06,-2.274280078125000000e+04
1.295440250000000000e+06,-2.198441406250000000e+04
1.409199125000000000e+06,-2.832313867187500000e+04
1.493582250000000000e+06,-2.817007617187500000e+04
1.309914625000000000e+06,-2.322499218750000000e+04
1.215590875000000000e+06,-2.754764062500000000e+04
1.239952750000000000e+06,-2.870140429687500000e+04
1.422712000000000000e+06,-2.863795703125000000e+04
1.586726500000000000e+06,-2.646995703125000000e+04
1.422712000000000000e+06,-2.863795703125000000e+04
1.332464500000000000e+06,-2.306201757812500000e+04
1.354230375000000000e+06,-2.284473242187500000e+04
1.418717875000000000e+06,-2.463900195312500000e+04
1.310934500000000000e+06,-2.399083203125000000e+04
1.365053125000000000e+06,-2.513499218750000000e+04
1.356494625000000000e+06,-2.190911328125000000e+04
1.329984125000000000e+06,-2.611396093750000000e+04
1.308306875000000000e+06,-2.565165429687500000e+04
1.350987625000000000e+06,-2.214917968750000000e+04
1.423575750000000000e+06,-2.728775195312500000e+04
1.418184625000000000e+06,-3.107796289062500000e+04
1.206547625000000000e+06,-2.379807421875000000e+04
1.372413750000000000e+06,-2.640929296875000000e+04
1.345364250000000000e+06,-2.265533398437500000e+04
1.303507125000000000e+06,-2.698210156250000000e+04
1.322188250000000000e+06,-2.229173437500000000e+04
1.387680375000000000e+06,-2.233147070312500000e+04
1.387878750000000000e+06,-2.659645117187500000e+04
1.478335750000000000e+06,-2.614255859375000000e+04
1.322935625000000000e+06,-2.479873437500000000e+04
1.484197875000000000e+06,-2.713102539062500000e+04
1.383113750000000000e+06,-2.771246093750000000e+04
1.295534125000000000e+06,-2.536759765625000000e+04
1.313794375000000000e+06,-2.484255859375000000e+04
1.315403500000000000e+06,-2.933630859375000000e+04
1.339196500000000000e+06,-2.426558789062500000e+04
1.304589250000000000e+06,-2.202424218750000000e+04
1.249826875000000000e+06,-2.519876562500000000e+04
1.303522500000000000e+06,-2.503810742187500000e+04
1.337667500000000000e+06,-3.348461718750000000e+04
1.407823250000000000e+06,-2.740128515625000000e+04
1.360228375000000000e+06,-2.190302539062500000e+04
1.373219625000000000e+06,-2.315980859375000000e+04
1.373660750000000000e+06,-2.517416992187500000e+04
1.428033250000000000e+06,-2.375464453125000000e+04
1.382285625000000000e+06,-2.945274414062500000e+04
1.418087000000000000e+06,-3.013188281250000000e+04
1.292607500000000000e+06,-2.678897851562500000e+04
1.270259875000000000e+06,-2.519270898437500000e+04
1.299066125000000000e+06,-2.325866601562500000e+04
1.227321750000000000e+06,-2.395599023437500000e+04
1.445736375000000000e+06,-2.648057617187500000e+04
1.329635625000000000e+06,-2.807652343750000000e+04
1.341180500000000000e+06,-2.810763281250000000e+04
1.364310000000000000e+06,-2.482768164062500000e+04
1.422859875000000000e+06,-2.629299804687500000e+04
1.248549875000000000e+06,-2.512496289062500000e+04
1.364501000000000000e+06,-2.584167187500000000e+04
1.385823000000000000e+06,-2.392033007812500000e+04
1.410571125000000000e+06,-2.397278125000000000e+04
1.352323750000000000e+06,-2.663147460937500000e+04
1.343626500000000000e+06,-2.037304296875000000e+04
1.322844875000000000e+06,-2.208809570312500000e+04
1.369085250000000000e+06,-2.259989062500000000e+04
1.390672875000000000e+06,-2.245314648437500000e+04
1.353376750000000000e+06,-2.246095898437500000e+04
1.352905625000000000e+06,-2.382777929687500000e+04
1.508042625000000000e+06,-2.967962304687500000e+04
1.397353250000000000e+06,-2.586710156250000000e+04
1.374366875000000000e+06,-2.145238281250000000e+04
1.373300375000000000e+06,-2.136744921875000000e+04
1.425624125000000000e+06,-2.723420507812500000e+04
1.310895125000000000e+06,-2.487176367187500000e+04
1.385490000000000000e+06,-3.203366210937500000e+04
1.351911875000000000e+06,-2.399246484375000000e+04
1.299107125000000000e+06,-2.755355078125000000e+04
1.280297125000000000e+06,-2.789512304687500000e+04
1.342841875000000000e+06,-2.550083398437500000e+04
1.299466125000000000e+06,-2.458258789062500000e+04
1.350987625000000000e+06,-2.214917968750000000e+04
1.314034875000000000e+06,-2.375277929687500000e+04
1.244536375000000000e+06,-2.861182421875000000e+04
1.468743000000000000e+06,-2.481452343750000000e+04
1.307428000000000000e+06,-2.424246093750000000e+04
1.410479875000000000e+06,-2.264884765625000000e+04
1.375102875000000000e+06,-2.491869921875000000e+04
1.373314375000000000e+06,-2.360781054687500000e+04
1.469110125000000000e+06,-2.645556835937500000e+04
1.256490250000000000e+06,-2.669644921875000000e+04
1.350029875000000000e+06,-2.880660546875000000e+04
1.262832500000000000e+06,-2.781712304687500000e+04
1.420458625000000000e+06,-2.511108398437500000e+04
1.323861000000000000e+06,-2.731102539062500000e+04
1.212522875000000000e+06,-2.843090039062500000e+04
1.545993000000000000e+06,-2.662530468750000000e+04
1.350361375000000000e+06,-2.775833398437500000e+04
1.428458875000000000e+06,-2.623448046875000000e+04
1.293015875000000000e+06,-2.493286132812500000e+04
1.417220500000000000e+06,-2.878382812500000000e+04
1.192928375000000000e+06,-2.457793750000000000e+04
1.281432125000000000e+06,-2.590461132812500000e+04
1.482081125000000000e+06,-2.675455078125000000e+04
1.389426625000000000e+06,-2.151834960937500000e+04
1.112468750000000000e+06,-2.408120117187500000e+04
1.414062000000000000e+06,-2.816937500000000000e+04
1.389731625000000000e+06,-2.722702734375000000e+04
1.241915625000000000e+06,-2.474058398437500000e+04
1.528901750000000000e+06,-2.822606445312500000e+04
1.340836625000000000e+06,-2.850202343750000000e+04
1.287810500000000000e+06,-2.988041992187500000e+04
1.284532375000000000e+06,-2.293072460937500000e+04
1.363356250000000000e+06,-3.088771484375000000e+04
1.652130750000000000e+06,-3.287050781250000000e+04
1.262743750000000000e+06,-3.284310156250000000e+04
1.436145250000000000e+06,-2.931626562500000000e+04
1.327049625000000000e+06,-2.337193359375000000e+04
1.296595375000000000e+06,-2.201853906250000000e+04
1.601192000000000000e+06,-3.152345312500000000e+04
1.453486875000000000e+06,-2.729909375000000000e+04
1.365229875000000000e+06,-2.304194531250000000e+04
1.240852375000000000e+06,-2.731552539062500000e+04
1.372377375000000000e+06,-2.650983398437500000e+04
1.393329875000000000e+06,-2.876216601562500000e+04
1.377222875000000000e+06,-2.220722265625000000e+04
1.447350625000000000e+06,-2.339450390625000000e+04
1.380531750000000000e+06,-2.270228515625000000e+04
1.555255750000000000e+06,-3.105130078125000000e+04
1.419590125000000000e+06,-2.402533593750000000e+04
1.525327125000000000e+06,-2.668605859375000000e+04
1.421218375000000000e+06,-2.358941992187500000e+04
1.335416375000000000e+06,-2.522050000000000000e+04
1.195821750000000000e+06,-2.402053320312500000e+04
1.283830875000000000e+06,-2.561965429687500000e+04
1.316695875000000000e+06,-2.945176757812500000e+04
1.263536750000000000e+06,-2.465273437500000000e+04
1.398122875000000000e+06,-2.438833984375000000e+04
1.342787875000000000e+06,-2.144332226562500000e+04
1.251245125000000000e+06,-2.392211718750000000e+04
1.442356125000000000e+06,-2.545935546875000000e+04
1.327956625000000000e+06,-2.736547851562500000e+04
1.401900875000000000e+06,-2.773985546875000000e+04
1.315403500000000000e+06,-2.933630859375000000e+04
1.470560375000000000e+06,-2.820580859375000000e+04
1.246286625000000000e+06,-2.752738476562500000e+04
1.319030875000000000e+06,-2.913901757812500000e+04
1.440026375000000000e+06,-2.607052148437500000e+04
1.331279000000000000e+06,-2.987802734375000000e+04
1.415388375000000000e+06,-2.886352148437500000e+04
1.255505375000000000e+06,-2.655074218750000000e+04
1.652130750000000000e+06,-3.287050781250000000e+04
1.244127250000000000e+06,-2.520587109375000000e+04
1.400042250000000000e+06,-3.026807617187500000e+04
1.309630375000000000e+06,-2.532723437500000000e+04
1.457990250000000000e+06,-2.259637109375000000e+04
1.447989750000000000e+06,-2.603456054687500000e+04
1.163167500000000000e+06,-2.651279882812500000e+04
1.206204250000000000e+06,-2.597429296875000000e+04
1.306255000000000000e+06,-2.386481445312500000e+04
1.252403500000000000e+06,-2.782025390625000000e+04
1.409725250000000000e+06,-2.366082031250000000e+04
1.371653500000000000e+06,-2.819238281250000000e+04
1.339377375000000000e+06,-2.318767578125000000e+04
1.423142125000000000e+06,-2.454996289062500000e+04
1.241812875000000000e+06,-2.609491210937500000e+04
1.337680500000000000e+06,-2.327170117187500000e+04
1.271558500000000000e+06,-2.573734570312500000e+04
1.408480500000000000e+06,-2.481586914062500000e+04
1.242167000000000000e+06,-2.819986718750000000e+04
1.494134000000000000e+06,-2.703176953125000000e+04
1.313825375000000000e+06,-2.581081054687500000e+04
1.322188250000000000e+06,-2.229173437500000000e+04
1.633905000000000000e+06,-3.131030078125000000e+04
1.113989375000000000e+06,-2.411109179687500000e+04
1.283383625000000000e+06,-2.731366992187500000e+04
1.418237625000000000e+06,-2.443458789062500000e+04
1.535169250000000000e+06,-2.627917773437500000e+04
1.375284875000000000e+06,-2.318322070312500000e+04
1.446779125000000000e+06,-2.880255273437500000e+04
1.390581125000000000e+06,-2.465393359375000000e+04
1.311157750000000000e+06,-2.780378515625000000e+04
1.197568750000000000e+06,-2.622409179687500000e+04
1.195249875000000000e+06,-2.363603515625000000e+04
1.292601625000000000e+06,-2.465108398437500000e+04
1.310569500000000000e+06,-2.708186914062500000e+04
1.329682125000000000e+06,-2.726520507812500000e+04
1.236880500000000000e+06,-2.785563476562500000e+04
1.353954625000000000e+06,-2.713555273437500000e+04
1.305835625000000000e+06,-2.527122265625000000e+04
1.410571125000000000e+06,-2.397278125000000000e+04
1.365875500000000000e+06,-2.409430664062500000e+04
1.499109625000000000e+06,-3.020383203125000000e+04
1.393289625000000000e+06,-2.871297656250000000e+04
1.283316500000000000e+06,-2.309335351562500000e+04
1.583242500000000000e+06,-3.547084765625000000e+04
1.290472875000000000e+06,-3.309447656250000000e+04
1.327075250000000000e+06,-2.307671289062500000e+04
1.437419375000000000e+06,-2.150666406250000000e+04
1.303522500000000000e+06,-2.503810742187500000e+04
1.292656750000000000e+06,-2.860008593750000000e+04
1.389718125000000000e+06,-2.630367773437500000e+04
1.398061750000000000e+06,-2.836474023437500000e+04
1.254054375000000000e+06,-2.418224414062500000e+04
1.357665500000000000e+06,-2.724841015625000000e+04
1.390087875000000000e+06,-2.392037890625000000e+04
1.330422500000000000e+06,-2.786283789062500000e+04
1.204834875000000000e+06,-2.992123242187500000e+04
1.368321250000000000e+06,-2.232236718750000000e+04
1.270957250000000000e+06,-2.615183203125000000e+04
1.480784250000000000e+06,-2.909674414062500000e+04
1.340664625000000000e+06,-2.685520117187500000e+04
1.299918875000000000e+06,-2.466544921875000000e+04
1.382149750000000000e+06,-2.767410156250000000e+04
1.445232500000000000e+06,-3.128340429687500000e+04
1.394840250000000000e+06,-2.871334960937500000e+04
1.330809250000000000e+06,-2.025271289062500000e+04
1.305786750000000000e+06,-2.465636914062500000e+04
1.311893500000000000e+06,-2.310154882812500000e+04
1.211785250000000000e+06,-2.799866210937500000e+04
1.314452000000000000e+06,-2.016296875000000000e+04
1.371340375000000000e+06,-2.161625976562500000e+04
1.386415500000000000e+06,-2.855684375000000000e+04
1.335398500000000000e+06,-2.643222070312500000e+04
1.436193375000000000e+06,-2.378130859375000000e+04
1.289470375000000000e+06,-2.811093554687500000e+04
1.287742625000000000e+06,-2.581042382812500000e+04
1.384888875000000000e+06,-2.823720507812500000e+04
1.445419875000000000e+06,-3.000627539062500000e+04
1.347917125000000000e+06,-2.568879882812500000e+04
1.318235375000000000e+06,-3.050098828125000000e+04
1.295802875000000000e+06,-2.580718164062500000e+04
1.357589750000000000e+06,-2.524704492187500000e+04
1.289207500000000000e+06,-2.510244726562500000e+04
1.319222000000000000e+06,-2.330055468750000000e+04
1.352107000000000000e+06,-2.454275390625000000e+04
1.421010625000000000e+06,-3.044383984375000000e+04
1.221420500000000000e+06,-2.530098632812500000e+04
1.308526000000000000e+06,-2.801200976562500000e+04
1.572689750000000000e+06,-2.722056250000000000e+04
1.274956875000000000e+06,-3.057843359375000000e+04
1.358517000000000000e+06,-2.437338476562500000e+04
1.371033875000000000e+06,-2.715177539062500000e+04
1.352399750000000000e+06,-2.626631054687500000e+04
1.442356125000000000e+06,-2.545935546875000000e+04
1.301351125000000000e+06,-2.689616210937500000e+04
1.209368875000000000e+06,-2.605365820312500000e+04
1.267427875000000000e+06,-2.667823242187500000e+04
1.380216875000000000e+06,-2.776692382812500000e+04
1.385431000000000000e+06,-2.948298437500000000e+04
1.473846500000000000e+06,-2.457750195312500000e+04
1.364322125000000000e+06,-2.846543750000000000e+04
1.391191875000000000e+06,-2.390045703125000000e+04
1.364971750000000000e+06,-2.304500976562500000e+04
1.380807250000000000e+06,-2.387260351562500000e+04
1.404054500000000000e+06,-2.463456054687500000e+04
1.242101125000000000e+06,-2.616637890625000000e+04
1.241269875000000000e+06,-2.580536132812500000e+04
1.377178125000000000e+06,-2.693232617187500000e+04
1.436145250000000000e+06,-2.931626562500000000e+04
1.310323000000000000e+06,-2.470529101562500000e+04
1.294778500000000000e+06,-2.610085937500000000e+04
1.277671125000000000e+06,-2.421854101562500000e+04
1.485635625000000000e+06,-2.689470507812500000e+04
1.395188625000000000e+06,-2.222445703125000000e+04
1.326828750000000000e+06,-2.369287890625000000e+04
1.449254625000000000e+06,-2.986149218750000000e+04
1.404372500000000000e+06,-2.600629101562500000e+04
1.247409625000000000e+06,-2.713366210937500000e+04
1.329514500000000000e+06,-2.427074414062500000e+04
1.389068500000000000e+06,-2.810756054687500000e+04
1.360276375000000000e+06,-2.354522656250000000e+04
1.405598000000000000e+06,-2.379297851562500000e+04
1.275015875000000000e+06,-2.293549414062500000e+04
1.429431000000000000e+06,-2.566305078125000000e+04
1.347243500000000000e+06,-2.191455273437500000e+04
1.390999875000000000e+06,-2.478150000000000000e+04
1.418160375000000000e+06,-3.319151562500000000e+04
1.383637250000000000e+06,-2.480657031250000000e+04
1.311893500000000000e+06,-2.310154882812500000e+04
1.299313875000000000e+06,-2.706904882812500000e+04
1.323861000000000000e+06,-2.731102539062500000e+04
1.311184125000000000e+06,-2.855367578125000000e+04
1.261531875000000000e+06,-2.472927929687500000e+04
1.524593000000000000e+06,-2.808857226562500000e+04
1.423644000000000000e+06,-2.065688476562500000e+04
1.276534750000000000e+06,-2.583643164062500000e+04
1.435524375000000000e+06,-2.599361132812500000e+04
1.299026750000000000e+06,-2.552723242187500000e+04
1.289207500000000000e+06,-2.510244726562500000e+04
1.356951500000000000e+06,-2.482869531250000000e+04
1.427808375000000000e+06,-2.615768750000000000e+04
1.297266875000000000e+06,-2.404251367187500000e+04
1.372434125000000000e+06,-2.235433593750000000e+04
1.283360000000000000e+06,-2.691725000000000000e+04
1.447652625000000000e+06,-2.303586914062500000e+04
1.371033875000000000e+06,-2.715177539062500000e+04
1.186348625000000000e+06,-2.770010742187500000e+04
1.327614375000000000e+06,-2.838020703125000000e+04
1.364310000000000000e+06,-2.482768164062500000e+04
1.447555750000000000e+06,-2.443300976562500000e+04
1.294303125000000000e+06,-2.272916015625000000e+04
1.339351875000000000e+06,-2.576668750000000000e+04
1.429573875000000000e+06,-3.113880078125000000e+04
1.296062375000000000e+06,-2.637055468750000000e+04
1.327384875000000000e+06,-2.457743164062500000e+04
1.240441250000000000e+06,-2.919126562500000000e+04
1.377609250000000000e+06,-2.397430859375000000e+04
1.177396375000000000e+06,-2.475310351562500000e+04
1.286196625000000000e+06,-2.569902148437500000e+04
1.310441875000000000e+06,-2.707599023437500000e+04
1.316552375000000000e+06,-2.273995312500000000e+04
1.294778500000000000e+06,-2.587106640625000000e+04
1.393713875000000000e+06,-2.779236718750000000e+04
1.349946750000000000e+06,-2.641892968750000000e+04
1.426022125000000000e+06,-2.591309375000000000e+04
1.349335625000000000e+06,-2.454259765625000000e+04
1.398919125000000000e+06,-2.893132226562500000e+04
1.362123750000000000e+06,-2.938979101562500000e+04
1.471975375000000000e+06,-2.605410351562500000e+04
1.377222875000000000e+06,-2.220722265625000000e+04
1.342926000000000000e+06,-2.631523828125000000e+04
1.586726500000000000e+06,-2.646995703125000000e+04
1.385561875000000000e+06,-2.570321093750000000e+04
1.301037000000000000e+06,-2.403327929687500000e+04
1.515428750000000000e+06,-2.396959570312500000e+04
1.438048875000000000e+06,-2.816253125000000000e+04
1.253103125000000000e+06,-2.437759375000000000e+04
1.188885500000000000e+06,-2.344475390625000000e+04
1.299702375000000000e+06,-2.817361328125000000e+04
1.418717875000000000e+06,-2.463900195312500000e+04
1.272271500000000000e+06,-2.347170898437500000e+04
1.254768750000000000e+06,-2.756966601562500000e+04
1.364754125000000000e+06,-2.907503125000000000e+04
1.587395000000000000e+06,-2.712371484375000000e+04
1.338629375000000000e+06,-2.282450781250000000e+04
1.225984125000000000e+06,-2.618731250000000000e+04
1.285706375000000000e+06,-2.405058789062500000e+04
1.377262625000000000e+06,-2.769757421875000000e+04
1.404722250000000000e+06,-2.702047460937500000e+04
1.470155875000000000e+06,-2.909842187500000000e+04
1.313395375000000000e+06,-2.760553515625000000e+04
1.329934250000000000e+06,-2.495013476562500000e+04
1.401433375000000000e+06,-2.589117968750000000e+04
1.325770500000000000e+06,-3.629124218750000000e+04
1.418768250000000000e+06,-2.359284570312500000e+04
1.345484750000000000e+06,-2.412335742187500000e+04
1.213484250000000000e+06,-2.420049414062500000e+04
1.361481125000000000e+06,-2.677714843750000000e+04
1.357849500000000000e+06,-2.300193359375000000e+04
1.375820250000000000e+06,-2.967177539062500000e+04
1.374305500000000000e+06,-2.247953320312500000e+04
1.230577375000000000e+06,-2.362455078125000000e+04
1.402272375000000000e+06,-3.020207421875000000e+04
1.390581125000000000e+06,-2.465393359375000000e+04
1.458972500000000000e+06,-2.744916210937500000e+04
1.264027125000000000e+06,-2.535127148437500000e+04
1.291092000000000000e+06,-2.586560742187500000e+04
1.337587375000000000e+06,-2.764883203125000000e+04
1.453505875000000000e+06,-2.454402734375000000e+04
1.320775875000000000e+06,-2.418899414062500000e+04
1.413457500000000000e+06,-2.991750976562500000e+04
1.360228375000000000e+06,-2.190302539062500000e+04
1.525834250000000000e+06,-2.955029492187500000e+04
1.332346750000000000e+06,-2.437305273437500000e+04
1.327800875000000000e+06,-2.603893164062500000e+04
1.459640000000000000e+06,-2.537100390625000000e+04
1.392472750000000000e+06,-2.801138867187500000e+04
1.350018500000000000e+06,-2.817076171875000000e+04
1.405467000000000000e+06,-2.878640429687500000e+04
1.311503125000000000e+06,-2.746469531250000000e+04
1.485610000000000000e+06,-3.247641796875000000e+04
1.384997625000000000e+06,-3.246435742187500000e+04
1.241389375000000000e+06,-2.595297070312500000e+04
1.369085250000000000e+06,-2.259989062500000000e+04
1.267138000000000000e+06,-2.715300000000000000e+04
1.350390375000000000e+06,-2.716795117187500000e+04
1.422617750000000000e+06,-2.860359960937500000e+04
1.320797000000000000e+06,-2.609955468750000000e+04
1.225650625000000000e+06,-2.743883593750000000e+04
1.289373000000000000e+06,-2.241853710937500000e+04
1.397680625000000000e+06,-2.581217382812500000e+04
1.360413125000000000e+06,-2.512193554687500000e+04
1.245075375000000000e+06,-2.791467968750000000e+04
1.442356125000000000e+06,-2.545935546875000000e+04
1.278324000000000000e+06,-2.460748242187500000e+04
1.184529000000000000e+06,-2.776593164062500000e+04
1.327956625000000000e+06,-2.736547851562500000e+04
1.332743625000000000e+06,-2.963879296875000000e+04
1.297903750000000000e+06,-2.261818945312500000e+04
1.254017875000000000e+06,-2.624890234375000000e+04
1.317241000000000000e+06,-2.770989648437500000e+04
1.261204125000000000e+06,-2.720745507812500000e+04
1.220653750000000000e+06,-2.556963281250000000e+04
1.338864125000000000e+06,-2.092022656250000000e+04
1.410740750000000000e+06,-2.523916992187500000e+04
1.404372500000000000e+06,-2.600629101562500000e+04
1.102870875000000000e+06,-2.631218945312500000e+04
1.220876125000000000e+06,-2.761441601562500000e+04
1.309226500000000000e+06,-2.594300195312500000e+04
1.369842875000000000e+06,-2.379495898437500000e+04
1.352360125000000000e+06,-2.143051171875000000e+04
1.399677625000000000e+06,-2.802290429687500000e+04
1.301770750000000000e+06,-2.568955078125000000e+04
1.387680375000000000e+06,-2.233147070312500000e+04
1.494247125000000000e+06,-2.681509960937500000e+04
1.371755250000000000e+06,-2.441367187500000000e+04
1.303204250000000000e+06,-2.599969335937500000e+04
1.330238125000000000e+06,-2.968004296875000000e+04
1.360934000000000000e+06,-2.301066015625000000e+04
1.354995000000000000e+06,-3.080815429687500000e+04
1.348784625000000000e+06,-2.381540039062500000e+04
1.392823625000000000e+06,-2.456945507812500000e+04
1.486286875000000000e+06,-2.939499414062500000e+04
1.400539750000000000e+06,-2.396235156250000000e+04
1.287798625000000000e+06,-2.486117578125000000e+04
1.416345125000000000e+06,-2.021422460937500000e+04
1.459858625000000000e+06,-2.730618554687500000e+04
1.285356750000000000e+06,-2.304310937500000000e+04
1.335416375000000000e+06,-2.522050000000000000e+04
1.390087875000000000e+06,-2.392037890625000000e+04
1.265752625000000000e+06,-2.652773242187500000e+04
1.303322375000000000e+06,-2.514354296875000000e+04
1.380667250000000000e+06,-2.627698437500000000e+04
1.310969500000000000e+06,-2.759596093750000000e+04
1.335824875000000000e+06,-2.577483398437500000e+04
1.374585750000000000e+06,-2.887697460937500000e+04
1.310649250000000000e+06,-2.288517968750000000e+04
1.278655500000000000e+06,-2.645033007812500000e+04
1.302558750000000000e+06,-2.392218750000000000e+04
1.402631000000000000e+06,-2.274479882812500000e+04
1.521123625000000000e+06,-2.827971679687500000e+04
1.330123625000000000e+06,-2.571354296875000000e+04
1.181455500000000000e+06,-2.208242773437500000e+04
1.348008000000000000e+06,-2.807042773437500000e+04
1.291921875000000000e+06,-2.543158007812500000e+04
1.330631375000000000e+06,-2.955837500000000000e+04
1.296394125000000000e+06,-2.402304882812500000e+04
1.380478875000000000e+06,-2.632690820312500000e+04
1.304802250000000000e+06,-3.165536914062500000e+04
1.337057500000000000e+06,-2.795824609375000000e+04
1.319566625000000000e+06,-3.076086132812500000e+04
1.331769625000000000e+06,-2.406850390625000000e+04
1.363636875000000000e+06,-2.291659570312500000e+04
1.391169875000000000e+06,-3.105667187500000000e+04
1.416633750000000000e+06,-2.503461328125000000e+04
1.424732750000000000e+06,-2.394446093750000000e+04
1.361041625000000000e+06,-2.340575195312500000e+04
1.426650375000000000e+06,-2.687640625000000000e+04
1.309408125000000000e+06,-2.569222070312500000e+04
1.351940750000000000e+06,-2.895638281250000000e+04
1.371653500000000000e+06,-2.819238281250000000e+04
1.352333125000000000e+06,-2.391583593750000000e+04
1.257192375000000000e+06,-2.805297070312500000e+04
1.447414375000000000e+06,-2.422224804687500000e+04
1.407446000000000000e+06,-2.637862109375000000e+04
1.328472125000000000e+06,-2.553154687500000000e+04
1.356433875000000000e+06,-2.414311914062500000e+04
1.467372625000000000e+06,-2.839322265625000000e+04
1.349744500000000000e+06,-2.479013867187500000e+04
1.339474500000000000e+06,-2.598918359375000000e+04
1.476815750000000000e+06,-3.224271484375000000e+04
1.268627625000000000e+06,-2.337883203125000000e+04
1.346683625000000000e+06,-2.265872460937500000e+04
1.318172250000000000e+06,-2.882200976562500000e+04
1.507526250000000000e+06,-3.063957617187500000e+04
1.368571625000000000e+06,-2.628859570312500000e+04
1.390759625000000000e+06,-2.945521679687500000e+04
1.335824875000000000e+06,-2.577483398437500000e+04
1.573291375000000000e+06,-2.760193945312500000e+04
1.236560000000000000e+06,-2.697300781250000000e+04
1.325344375000000000e+06,-2.489705468750000000e+04
1.357437375000000000e+06,-2.089663867187500000e+04
1.374210500000000000e+06,-2.797315625000000000e+04
1.479623875000000000e+06,-2.426114648437500000e+04
1.665846500000000000e+06,-3.123603320312500000e+04
1.377609250000000000e+06,-2.397430859375000000e+04
1.477541500000000000e+06,-2.757290039062500000e+04
1.385976250000000000e+06,-2.794484960937500000e+04
1.385561875000000000e+06,-2.570321093750000000e+04
1.382621625000000000e+06,-2.645589453125000000e+04
1.210746250000000000e+06,-3.043197265625000000e+04
1.430403125000000000e+06,-3.127983984375000000e+04
1.440026375000000000e+06,-2.607052148437500000e+04
1.491393750000000000e+06,-2.754274414062500000e+04
1.309672500000000000e+06,-2.377243750000000000e+04
1.252343375000000000e+06,-2.781623437500000000e+04
1.426650375000000000e+06,-2.687640625000000000e+04
1.397129250000000000e+06,-2.738235156250000000e+04
1.266669000000000000e+06,-2.782144335937500000e+04
1.116952250000000000e+06,-3.089471289062500000e+04
1.230314750000000000e+06,-2.542100781250000000e+04
1.362143125000000000e+06,-2.266576367187500000e+04
1.298460125000000000e+06,-2.666997265625000000e+04
1.419001875000000000e+06,-2.860114453125000000e+04
1.551904375000000000e+06,-2.925840039062500000e+04
1.313135250000000000e+06,-2.716963281250000000e+04
1.362956375000000000e+06,-2.225920898437500000e+04
1.425390500000000000e+06,-2.478997070312500000e+04
1.422632125000000000e+06,-2.573836718750000000e+04
1.237713750000000000e+06,-2.583989062500000000e+04
1.396113375000000000e+06,-2.453066992187500000e+04
1.303252250000000000e+06,-2.468858398437500000e+04
1.423575750000000000e+06,-2.728775195312500000e+04
1.446637375000000000e+06,-3.092031835937500000e+04
1.395606875000000000e+06,-2.494865820312500000e+04
1.333923375000000000e+06,-2.369614843750000000e+04
1.393289625000000000e+06,-2.871297656250000000e+04
1.422142000000000000e+06,-2.901794335937500000e+04
1.378328250000000000e+06,-2.621563085937500000e+04
1.453635375000000000e+06,-2.584545703125000000e+04
1.386040250000000000e+06,-2.357455664062500000e+04
1.620404125000000000e+06,-2.791610742187500000e+04
1.372361625000000000e+06,-2.693829296875000000e+04
1.198829625000000000e+06,-2.821514257812500000e+04
1.248549875000000000e+06,-2.512496289062500000e+04
1.358970125000000000e+06,-2.861244921875000000e+04
1.294787125000000000e+06,-2.426918554687500000e+04
1.390025625000000000e+06,-2.291777343750000000e+04
1.389731625000000000e+06,-2.722702734375000000e+04
1.231548125000000000e+06,-3.023269726562500000e+04
1.378267500000000000e+06,-2.398393164062500000e+04
1.436934125000000000e+06,-2.624145312500000000e+04
1.436224750000000000e+06,-2.530152929687500000e+04
1.194470750000000000e+06,-2.707049609375000000e+04
1.451376000000000000e+06,-2.858785156250000000e+04
1.307544625000000000e+06,-2.694965429687500000e+04
1.417400375000000000e+06,-2.259050195312500000e+04
1.206287000000000000e+06,-2.811218554687500000e+04
1.439787125000000000e+06,-2.564597070312500000e+04
1.295686125000000000e+06,-2.660927148437500000e+04
1.344492625000000000e+06,-2.711565429687500000e+04
1.212883375000000000e+06,-2.541181250000000000e+04
1.215986250000000000e+06,-2.437723437500000000e+04
1.400364875000000000e+06,-2.331020507812500000e+04
1.311893500000000000e+06,-2.310154882812500000e+04
1.305989500000000000e+06,-2.334485742187500000e+04
1.233051125000000000e+06,-2.732420312500000000e+04
1.354653375000000000e+06,-2.393279296875000000e+04
1.309408125000000000e+06,-2.569222070312500000e+04
1.389609000000000000e+06,-2.522788867187500000e+04
1.470514500000000000e+06,-2.342642187500000000e+04
1.311184125000000000e+06,-2.855367578125000000e+04
1.356416625000000000e+06,-2.053481054687500000e+04
1.270118875000000000e+06,-2.715624609375000000e+04
1.382774625000000000e+06,-2.482180273437500000e+04
1.343011500000000000e+06,-2.451076562500000000e+04
1.357179875000000000e+06,-2.339729492187500000e+04
1.319200500000000000e+06,-2.319385546875000000e+04
1.310969500000000000e+06,-2.759596093750000000e+04
1.349369875000000000e+06,-2.770733789062500000e+04
1.306661250000000000e+06,-2.560430078125000000e+04
1.353954625000000000e+06,-2.713555273437500000e+04
1.354995000000000000e+06,-3.080815429687500000e+04
1.293716625000000000e+06,-2.715978515625000000e+04
1.254566000000000000e+06,-2.589271093750000000e+04
1.335626875000000000e+06,-2.340124023437500000e+04
1.315217250000000000e+06,-2.433328125000000000e+04
1.247726750000000000e+06,-2.447388281250000000e+04
1.410062500000000000e+06,-2.712051367187500000e+04
1.445419875000000000e+06,-3.000627539062500000e+04
1.232868250000000000e+06,-2.562298242187500000e+04
1.380423875000000000e+06,-2.648948828125000000e+04
1.410666250000000000e+06,-2.730553710937500000e+04
1.244428250000000000e+06,-2.790026953125000000e+04
1.322410375000000000e+06,-2.665687500000000000e+04
1.319673125000000000e+06,-2.722026562500000000e+04
1.341097250000000000e+06,-2.611828710937500000e+04
1.280298750000000000e+06,-2.618746875000000000e+04
1.433222250000000000e+06,-2.477620312500000000e+04
1.383927750000000000e+06,-2.669279687500000000e+04
1.382926250000000000e+06,-2.231773046875000000e+04
1.298655500000000000e+06,-2.522837695312500000e+04
1.380347500000000000e+06,-2.664932031250000000e+04
1.279130625000000000e+06,-2.685285742187500000e+04
1.329583500000000000e+06,-2.639529882812500000e+04
1.411562750000000000e+06,-2.336817773437500000e+04
1.348591000000000000e+06,-2.787164843750000000e+04
1.278792250000000000e+06,-2.232772851562500000e+04
1.381978875000000000e+06,-2.646933984375000000e+04
1.276534750000000000e+06,-2.583643164062500000e+04
1.313135250000000000e+06,-2.716963281250000000e+04
1.433983000000000000e+06,-3.287274218750000000e+04
1.428517500000000000e+06,-2.912721484375000000e+04
1.265363375000000000e+06,-3.023092578125000000e+04
1.408511250000000000e+06,-2.533496875000000000e+04
1.400485500000000000e+06,-2.841141015625000000e+04
1.399799250000000000e+06,-2.308354882812500000e+04
1.486042375000000000e+06,-2.718625585937500000e+04
1.113147125000000000e+06,-2.661740820312500000e+04
1.246313750000000000e+06,-2.314890234375000000e+04
1.346969500000000000e+06,-2.219188476562500000e+04
1.352149250000000000e+06,-2.238200976562500000e+04
1.262351750000000000e+06,-2.679555468750000000e+04
1.354156000000000000e+06,-2.577533593750000000e+04
1.250399250000000000e+06,-2.709702734375000000e+04
1.266529375000000000e+06,-2.831660742187500000e+04
1.407855000000000000e+06,-2.471773046875000000e+04
1.361608625000000000e+06,-2.360287109375000000e+04
1.244984125000000000e+06,-2.771741796875000000e+04
1.384016000000000000e+06,-2.815781250000000000e+04
1.272359750000000000e+06,-2.441669921875000000e+04
1.347364250000000000e+06,-2.360240234375000000e+04
1.361640625000000000e+06,-2.437199609375000000e+04
1.602310875000000000e+06,-3.156752929687500000e+04
1.390666625000000000e+06,-2.706465429687500000e+04
1.352831125000000000e+06,-3.082726562500000000e+04
1.581926000000000000e+06,-3.061326562500000000e+04
1.324130125000000000e+06,-2.855548632812500000e+04
1.321013375000000000e+06,-2.923511718750000000e+04
1.427654000000000000e+06,-3.030959179687500000e+04
1.378472750000000000e+06,-2.202466210937500000e+04
1.358042125000000000e+06,-2.408644531250000000e+04
1.362717750000000000e+06,-2.370406054687500000e+04
1.412502875000000000e+06,-3.090433398437500000e+04
1.210240750000000000e+06,-2.808372851562500000e+04
1.256145125000000000e+06,-2.538422656250000000e+04
1.385439375000000000e+06,-3.007716601562500000e+04
1.477541500000000000e+06,-2.757290039062500000e+04
1.244894250000000000e+06,-2.721042187500000000e+04
1.281337750000000000e+06,-2.341431250000000000e+04
1.427674125000000000e+06,-2.430211132812500000e+04
1.267239125000000000e+06,-2.757550585937500000e+04
1.371888125000000000e+06,-2.922892773437500000e+04
1.248549875000000000e+06,-2.512496289062500000e+04
1.379964875000000000e+06,-2.367397460937500000e+04
1.383113750000000000e+06,-2.771246093750000000e+04
1.340483250000000000e+06,-2.303783007812500000e+04
1.392823625000000000e+06,-2.456945507812500000e+04
1.371338000000000000e+06,-2.113388085937500000e+04
1.338638000000000000e+06,-2.350096484375000000e+04
1.302143500000000000e+06,-2.679068359375000000e+04
1.262743750000000000e+06,-3.284310156250000000e+04
1.254054375000000000e+06,-2.418224414062500000e+04
1.384016000000000000e+06,-2.815781250000000000e+04
1.426401875000000000e+06,-2.889408593750000000e+04
1.364525250000000000e+06,-2.498416210937500000e+04
1.309874500000000000e+06,-2.701467578125000000e+04
1.356983250000000000e+06,-2.165816992187500000e+04
1.241930000000000000e+06,-2.689724804687500000e+04
1.331635000000000000e+06,-2.695166796875000000e+04
1.465403750000000000e+06,-3.468650000000000000e+04
1.545041500000000000e+06,-2.953005273437500000e+04
1.313021375000000000e+06,-2.938839257812500000e+04
1.356902375000000000e+06,-2.559335351562500000e+04
1.235156125000000000e+06,-2.576005859375000000e+04
1.125292750000000000e+06,-2.666344140625000000e+04
1.260623125000000000e+06,-2.720159375000000000e+04
1.409660625000000000e+06,-2.932064062500000000e+04
1.384106375000000000e+06,-2.720129882812500000e+04
1.400276500000000000e+06,-2.250550976562500000e+04
1.324460000000000000e+06,-2.403214257812500000e+04
1.346122500000000000e+06,-2.692227343750000000e+04
1.290901750000000000e+06,-2.740692382812500000e+04
1.423068250000000000e+06,-2.290080078125000000e+04
1.227294500000000000e+06,-2.770853320312500000e+04
1.377262625000000000e+06,-2.769757421875000000e+04
1.456918000000000000e+06,-2.477069140625000000e+04
1.453161750000000000e+06,-3.181644531250000000e+04
1.331412375000000000e+06,-2.862000781250000000e+04
1.347972500000000000e+06,-2.241634570312500000e+04
1.294303125000000000e+06,-2.272916015625000000e+04
1.362699000000000000e+06,-2.540846289062500000e+04
1.267339625000000000e+06,-2.521691601562500000e+04
1.353358875000000000e+06,-2.818602343750000000e+04
1.295802875000000000e+06,-2.580718164062500000e+04
1.334053875000000000e+06,-2.817618945312500000e+04
1.358913625000000000e+06,-2.274553320312500000e+04
1.197021875000000000e+06,-2.380362695312500000e+04
1.434151000000000000e+06,-2.997666601562500000e+04
1.306255000000000000e+06,-2.386481445312500000e+04
1.376031250000000000e+06,-2.337251757812500000e+04
1.328898125000000000e+06,-2.952700976562500000e+04
1.466864750000000000e+06,-2.944700195312500000e+04
1.293676000000000000e+06,-2.677779492187500000e+04
1.237221250000000000e+06,-2.590437500000000000e+04
1.372498625000000000e+06,-2.452656250000000000e+04
1.221417625000000000e+06,-2.997037109375000000e+04
1.343799500000000000e+06,-2.199208007812500000e+04
1.516914000000000000e+06,-2.807583593750000000e+04
1.400845500000000000e+06,-2.860493750000000000e+04
1.377253000000000000e+06,-2.222040429687500000e+04
1.382569750000000000e+06,-2.210084765625000000e+04
1.275843250000000000e+06,-2.730173632812500000e+04
1.246521875000000000e+06,-2.545718359375000000e+04
1.286991500000000000e+06,-2.512220703125000000e+04
1.324130125000000000e+06,-2.855548632812500000e+04
1.344027375000000000e+06,-2.288704296875000000e+04
1.412608125000000000e+06,-2.704691210937500000e+04
1.463173125000000000e+06,-2.964808007812500000e+04
1.210240750000000000e+06,-2.808372851562500000e+04
1.383141375000000000e+06,-2.596130664062500000e+04
1.399547250000000000e+06,-2.092300585937500000e+04
1.254017875000000000e+06,-2.624890234375000000e+04
1.367003875000000000e+06,-2.782990625000000000e+04
1.368278375000000000e+06,-2.109067968750000000e+04
1.514748875000000000e+06,-2.908990234375000000e+04
1.565937875000000000e+06,-2.815414453125000000e+04
1.267364500000000000e+06,-2.763691992187500000e+04
1.324140625000000000e+06,-2.378130078125000000e+04
1.427808375000000000e+06,-2.615768750000000000e+04
1.254768750000000000e+06,-2.756966601562500000e+04
1.454050125000000000e+06,-2.315661523437500000e+04
1.384780375000000000e+06,-2.360890429687500000e+04
1.240478875000000000e+06,-2.666391406250000000e+04
1.306735875000000000e+06,-2.404468945312500000e+04
1.403946375000000000e+06,-2.860723632812500000e+04
1.338853750000000000e+06,-2.286170117187500000e+04
1.325419750000000000e+06,-2.375572265625000000e+04
1.495042500000000000e+06,-2.796822851562500000e+04
1.382813000000000000e+06,-2.552041601562500000e+04
1.335292875000000000e+06,-2.836523437500000000e+04
1.292865125000000000e+06,-2.867265625000000000e+04
1.380476375000000000e+06,-2.249150195312500000e+04
1.340069750000000000e+06,-2.974941210937500000e+04
1.467087250000000000e+06,-2.986771484375000000e+04
1.318137625000000000e+06,-2.881389648437500000e+04
1.499589125000000000e+06,-2.644455664062500000e+04
1.330395000000000000e+06,-2.834635937500000000e+04
1.209239000000000000e+06,-2.859973242187500000e+04
1.447414375000000000e+06,-2.422224804687500000e+04
1.341517625000000000e+06,-2.334386718750000000e+04
1.339395875000000000e+06,-2.859478125000000000e+04
1.283004875000000000e+06,-2.649030273437500000e+04
1.328880375000000000e+06,-2.792798437500000000e+04
1.249259250000000000e+06,-2.640900195312500000e+04
1.473846500000000000e+06,-2.457750195312500000e+04
1.190423750000000000e+06,-2.539088281250000000e+04
1.335756625000000000e+06,-2.785647460937500000e+04
1.242074625000000000e+06,-2.592579101562500000e+04
1.354995000000000000e+06,-3.080815429687500000e+04
1.278403250000000000e+06,-2.626640234375000000e+04
1.259652250000000000e+06,-2.569943359375000000e+04
1.325917125000000000e+06,-2.703131250000000000e+04
1.424732750000000000e+06,-2.394446093750000000e+04
1.149283375000000000e+06,-2.450888281250000000e+04
1.397957125000000000e+06,-2.689754101562500000e+04
1.374305500000000000e+06,-2.247953320312500000e+04
1.345010500000000000e+06,-2.807782812500000000e+04
1.383653000000000000e+06,-2.980771093750000000e+04
1.355006000000000000e+06,-2.309430273437500000e+04
1.484344500000000000e+06,-2.994786132812500000e+04
1.416925875000000000e+06,-2.562956250000000000e+04
1.319760000000000000e+06,-2.321589453125000000e+04
1.261927500000000000e+06,-2.497885156250000000e+04
1.363881750000000000e+06,-2.165930078125000000e+04
1.343831875000000000e+06,-2.339651953125000000e+04
1.252235875000000000e+06,-2.813697851562500000e+04
1.439149500000000000e+06,-2.742733007812500000e+04
1.319349375000000000e+06,-2.759811523437500000e+04
1.330620375000000000e+06,-2.161797656250000000e+04
1.349335625000000000e+06,-2.454259765625000000e+04
1.341803875000000000e+06,-2.602773437500000000e+04
1.332670750000000000e+06,-3.044717578125000000e+04
1.341398250000000000e+06,-2.167278906250000000e+04
1.305059875000000000e+06,-2.855817773437500000e+04
1.375102875000000000e+06,-2.491869921875000000e+04
1.492622250000000000e+06,-2.993502539062500000e+04
1.297182625000000000e+06,-2.618844921875000000e+04
1.348880750000000000e+06,-2.232855664062500000e+04
1.380423875000000000e+06,-2.648948828125000000e+04
1.351205875000000000e+06,-2.360424023437500000e+04
1.449573000000000000e+06,-2.925491992187500000e+04
1.593096375000000000e+06,-3.073842578125000000e+04
